0.01	0.37	0.21	0.01	0
0.01	0.37	0.21	0.01	0
0.01	0.37	0.21	0.01	0
0.01	0.37	0.21	0.01	0
0.01	0.36	0.21	0.02	0
0.01	0.36	0.21	0.02	0
0.01	0.35	0.21	0.03	0
0.01	0.35	0.21	0.02	0.01
0.01	0.34	0.22	0.02	0.01
0.01	0.33	0.22	0.03	0.01
0.01	0.32	0.22	0.04	0.01
0.01	0.31	0.23	0.04	0.01
0.01	0.3	0.23	0.05	0.01
0.01	0.29	0.23	0.06	0.01
0.01	0.28	0.24	0.06	0.01
0.01	0.27	0.24	0.07	0.01
0.01	0.26	0.24	0.08	0.01
0.01	0.25	0.25	0.08	0.01
0.01	0.24	0.25	0.09	0.01
0.01	0.23	0.25	0.1	0.01
0.01	0.22	0.26	0.1	0.01
0.01	0.21	0.26	0.11	0.01
0.01	0.2	0.26	0.12	0.01
0.01	0.192	0.27	0.118	0.01
0.01	0.185	0.283742302	0.111257698	0.01
0.003973978	0.177182946	0.283742302	0.067315589	0.013193341
0.003509366	0.170621157	0.28379317	0.074360042	0.01248688
0.003043395	0.161120849	0.288683761	0.079275703	0.010980846
0.002686211	0.149693754	0.297819662	0.081660422	0.008865235
0.002402628	0.136977527	0.310172628	0.081889018	0.006509284
0.002062468	0.123394221	0.326237238	0.080234936	0.003964362
0.002537341	0.116727147	0.330469131	0.082569474	0.003097607
0.003277305	0.108648235	0.337481691	0.082891246	0.002161978
0.004537965	0.103852472	0.339866289	0.08402285	0.001690234
0.005911989	0.100767614	0.338665649	0.087466629	0.001848731
0.007385034	0.098189477	0.336244734	0.092258471	0.002287136
0.009288214	0.098805147	0.328300295	0.099492629	0.003260152
0.010833125	0.097531531	0.321524768	0.107155893	0.004925389
0.011110854	0.094303625	0.319588032	0.1117144	0.004810147
0.011111386	0.092444062	0.313861716	0.119496421	0.004781157
0.010956913	0.089515239	0.310686807	0.126075123	0.004361098
0.010498428	0.086762201	0.306873993	0.133286495	0.004008612
0.009790117	0.082228509	0.307338794	0.137927034	0.00327187
0.008837004	0.07773112	0.307733073	0.142677538	0.002654181
0.007808689	0.071858667	0.312140558	0.144563213	0.001837803
0.00669549	0.066164673	0.316739368	0.146321509	0.001164129
0.006163093	0.062107718	0.318990233	0.150462813	0.000513839
0.005985517	0.05835822	0.319896303	0.153014514	0.000479261
0.006214651	0.053810485	0.324093767	0.151660252	0.000434522
0.006479685	0.049258646	0.328399826	0.150894099	0.000504279
0.007421377	0.046067761	0.330357876	0.150277772	0.000857534
0.008781601	0.042754594	0.333434205	0.14915923	0.001326849
0.010455167	0.040753102	0.333223932	0.150049038	0.001966198
0.012866521	0.039272785	0.332997067	0.150367298	0.002826812
0.015490537	0.038158845	0.331952157	0.151729486	0.003652595
0.018444236	0.038712906	0.326436524	0.155685162	0.004721228
0.02203798	0.039313726	0.321948039	0.159004907	0.005923808
0.02569462	0.04005121	0.316522819	0.163851657	0.007287955
0.028039216	0.039767852	0.314630789	0.163064296	0.009897032
0.030602396	0.040959682	0.308275552	0.167147558	0.010274339
0.033073568	0.042111877	0.301485642	0.172651707	0.010095936
0.035544014	0.043947707	0.292840015	0.179708517	0.009937452
0.038093993	0.045822182	0.284595996	0.186613259	0.009713182
0.040238785	0.04719935	0.277418279	0.193290542	0.009170147
0.042191154	0.048902946	0.269481492	0.200706341	0.008675496
0.044041143	0.050421718	0.262457859	0.207490971	0.008158618
0.045626657	0.051220874	0.257549933	0.212738366	0.007515205
0.046385277	0.052069993	0.251915354	0.219426133	0.006731641
0.047193254	0.052926333	0.247010735	0.225311973	0.006100896
0.047943221	0.053609004	0.243072606	0.230302302	0.005562199
0.048183753	0.053294461	0.241715369	0.233410348	0.0049538
0.047930524	0.053165577	0.240028687	0.23740426	0.004367009
0.047587206	0.053044343	0.238867857	0.240996701	0.003900893
0.047330332	0.053138063	0.237802122	0.24456197	0.003541397
0.047871793	0.054195474	0.23401589	0.253579363	0.00238339
0.048166548	0.053714278	0.23394259	0.255584069	0.002258065
0.047788592	0.052712382	0.235768423	0.255305555	0.002398629
0.047319551	0.051709142	0.237913978	0.254394269	0.002672829
0.046811028	0.049766162	0.242340357	0.2507207	0.003218347
0.045771756	0.047925302	0.246798889	0.247969356	0.003710638
0.044772091	0.046202256	0.251156683	0.245214742	0.004308472
0.043846132	0.044589151	0.255374857	0.24248108	0.004999916
0.043584802	0.043208663	0.258745509	0.239376745	0.005952191
0.042986427	0.04102939	0.264243222	0.234719496	0.007104265
0.042302334	0.03898444	0.269570156	0.230561792	0.008266036
0.04167802	0.037069839	0.274638654	0.226695262	0.009476199
0.041119923	0.035318571	0.279350199	0.223217268	0.010697267
0.041149993	0.03399532	0.282435762	0.220406565	0.012015089
0.041294731	0.032208843	0.286705012	0.216348071	0.013647699
0.041456427	0.030463985	0.290934959	0.212535745	0.015290069
0.041703034	0.028805538	0.29493433	0.209016594	0.01694521
0.042028174	0.027255948	0.298641924	0.205849834	0.01858647
0.04251465	0.026108276	0.30099722	0.203897209	0.020038038
0.043517166	0.024761808	0.303462308	0.201131338	0.021955121
0.044521609	0.023423887	0.306032105	0.198504332	0.023881077
0.045602861	0.022149498	0.308429771	0.19611563	0.025848402
0.046754261	0.020931186	0.310684367	0.19390634	0.027910024
0.047900262	0.019733112	0.313014938	0.191702905	0.030171995
0.048926885	0.018704516	0.314912161	0.189849547	0.032912876
0.049014496	0.017857695	0.31979598	0.182396896	0.039203286
0.050470024	0.017640358	0.319342303	0.18161143	0.041030614
0.052213709	0.017334507	0.31849949	0.181688051	0.04236017
0.054093115	0.017020844	0.317454971	0.182194955	0.043428535
0.056045166	0.016720527	0.31630191	0.182987168	0.044299036
0.057844433	0.016356834	0.315679179	0.183698982	0.044905893
0.059820967	0.016500345	0.31274088	0.186429062	0.044986689
0.06208692	0.01651345	0.310199459	0.188602422	0.045386834
0.064423827	0.016545565	0.307652856	0.190850278	0.045727253
0.066807589	0.01661317	0.305058667	0.193223695	0.045983006
0.069221162	0.01671922	0.302422219	0.195721514	0.046149132
0.071644076	0.016857173	0.299788615	0.198307764	0.046226355
0.074007417	0.016980655	0.297404833	0.200796954	0.04621135
0.07612793	0.017345266	0.294366688	0.204222916	0.045703777
0.078552073	0.017747146	0.291078518	0.207656435	0.045412693
0.080985341	0.018173507	0.287843752	0.2110982	0.045081436
0.083409608	0.01863632	0.284627451	0.214591196	0.044690601
0.085816702	0.019136309	0.281432716	0.218131703	0.044240508
0.08819884	0.019668509	0.278283242	0.221694309	0.04373693
0.090542916	0.020218234	0.275238972	0.225217936	0.043190295
0.092785905	0.020708538	0.272604884	0.228409591	0.042630687
0.094508145	0.021455777	0.26960339	0.232484785	0.041473801
0.096726563	0.022309224	0.266056661	0.236771336	0.040630025
0.098962805	0.023157301	0.26268595	0.240890631	0.039827342
0.10117241	0.024017102	0.25945778	0.244911992	0.039020915
0.103341833	0.024894344	0.256357767	0.248856976	0.038200344
0.105466458	0.025789546	0.253382545	0.252727382	0.037366033
0.107546286	0.026698001	0.250539803	0.256507669	0.036525354
0.109586433	0.027602998	0.247862307	0.26014435	0.03569805
0.111612197	0.0284079	0.245559688	0.263324323	0.034981966
0.112647617	0.029214623	0.244160794	0.266246892	0.03373997
0.114169709	0.030389297	0.24159672	0.270309242	0.032543685
0.115792197	0.031599778	0.239017799	0.274350484	0.031427214
0.117441616	0.032839798	0.236492147	0.278353656	0.030345378
0.119095994	0.034109696	0.234028598	0.282332914	0.029278523
0.120750769	0.035411701	0.231615324	0.286316707	0.028213404
0.12241263	0.036749351	0.229224229	0.29035041	0.027137145
0.124101367	0.038127676	0.226804545	0.29450801	0.026032973
0.125861744	0.039552928	0.22426156	0.298920146	0.024874678
0.127821689	0.041018473	0.221389799	0.303832942	0.023627218
0.129512623	0.042323635	0.218660882	0.309172045	0.021998258
0.131876045	0.043226135	0.213133388	0.320523415	0.018880731
0.132340926	0.0435598	0.213719591	0.321579428	0.018551042
0.132835953	0.044251638	0.214233401	0.322352793	0.018289459
0.133334975	0.045094463	0.21472126	0.323013972	0.018044623
0.13382453	0.046027862	0.21521526	0.323590796	0.017810117
0.134298092	0.047023444	0.215734654	0.324090005	0.017586842
0.134753723	0.048064644	0.216290237	0.324513421	0.017377943
0.135193933	0.049140079	0.216885866	0.324862046	0.017187916
0.135628254	0.050240069	0.217516965	0.325137618	0.017023485
0.13608532	0.051351798	0.218160448	0.325343526	0.016898825
0.136755911	0.052412615	0.218657111	0.3254747	0.016903393
0.136477557	0.053085034	0.220598061	0.324040762	0.016945633
0.136349317	0.054160084	0.222027142	0.323552326	0.016817707
0.136271325	0.055301128	0.223384787	0.323156289	0.016711834
0.136203056	0.056476495	0.224745767	0.322757439	0.016635799
0.136129175	0.057674122	0.226136883	0.322323157	0.016591941
0.136042664	0.058887771	0.227569653	0.321839764	0.016581255
0.135940546	0.060113672	0.229048461	0.321301878	0.016604234
0.135822467	0.061349341	0.230573282	0.32070882	0.016661114
0.135690408	0.062593069	0.232140391	0.32006346	0.016751958
0.135549297	0.063843687	0.23374159	0.31937252	0.016876686
0.135409324	0.065100491	0.235360954	0.318648928	0.017035124
0.135293889	0.066363256	0.236963382	0.317920388	0.017227219
0.135283853	0.067632284	0.238431082	0.317276644	0.017455003
0.135240952	0.068393157	0.24008301	0.315836349	0.018009695
0.134535684	0.069321735	0.242622961	0.313960043	0.018455217
0.133892951	0.070395506	0.245042202	0.312344376	0.018859875
0.13327144	0.071527599	0.247426806	0.310812172	0.019271645
0.132658376	0.072692767	0.249802677	0.309311976	0.019703251
0.132047909	0.073879283	0.252181133	0.307821154	0.020159794
0.131437092	0.075080561	0.254567467	0.30632842	0.020643519
0.130824575	0.076292545	0.256963762	0.30482823	0.021155279
0.130210104	0.077512674	0.259370017	0.30331854	0.021695089
0.129594368	0.078739433	0.261784578	0.30179987	0.022262339
0.128979092	0.079972213	0.264204106	0.300275108	0.022855807
0.128367442	0.081211417	0.266623044	0.298750016	0.023473491
0.127765082	0.082458929	0.269032089	0.297234928	0.024112105
0.127183039	0.083719526	0.271413905	0.2957497	0.024765682
0.126647998	0.085005958	0.273727605	0.294341699	0.025420634
0.126281488	0.086377424	0.275788278	0.293225134	0.026018612
0.12598733	0.08717279	0.277533054	0.291791202	0.026917493
0.125190874	0.088038428	0.280127864	0.289733122	0.027895847
0.124368091	0.088983411	0.282779381	0.287716555	0.028858365
0.123531994	0.089964298	0.28545428	0.285723307	0.029826428
0.122687215	0.090965879	0.288141215	0.283746632	0.030807354
0.121836285	0.091980637	0.290834314	0.281783481	0.031804502
0.12098095	0.093004218	0.293529764	0.279832527	0.032819574
0.120122608	0.094033879	0.296224702	0.277893395	0.033853422
0.119262495	0.095067831	0.298916764	0.275966325	0.034906399
0.118401797	0.096104935	0.30160386	0.274051998	0.035978512
0.117541722	0.097144557	0.304284036	0.272151474	0.037069499
0.116683587	0.09818653	0.306955371	0.270266206	0.038178836
0.115828929	0.09923119	0.309615848	0.268398146	0.039305674
0.114979692	0.100279537	0.312263167	0.266550005	0.040448696
0.114138605	0.101333601	0.314894366	0.264725835	0.041605767
0.113310024	0.102397326	0.317504953	0.262932451	0.042773097
0.112502398	0.103479132	0.320086317	0.261183645	0.043942803
0.111739007	0.104602938	0.322614062	0.259518986	0.045092208
0.111276342	0.105781101	0.324589307	0.258387939	0.046070445
0.110515913	0.106521493	0.326775402	0.256731035	0.04741331
0.109690677	0.107347247	0.329155182	0.254981621	0.048774698
0.108849472	0.108193988	0.331577663	0.253220999	0.050157017
0.108001511	0.109048965	0.334014823	0.251463115	0.051562437
0.107150592	0.109907149	0.336455921	0.249712878	0.052992827
0.106298821	0.110766164	0.338895867	0.247972306	0.054450023
0.105447602	0.111624876	0.3413321	0.246242085	0.055935996
0.104598004	0.112482861	0.343763466	0.244522106	0.057452965
0.10375093	0.113340175	0.346189735	0.242811653	0.059003518
0.102907203	0.114197256	0.348611402	0.241109447	0.060590731
0.102067624	0.11505489	0.351029619	0.239413615	0.062218319
0.101233013	0.115914229	0.353446216	0.237721594	0.063890829
0.100404255	0.11677684	0.355863788	0.236029978	0.065613901
0.09958235	0.117644813	0.358285866	0.234334273	0.067394632
0.098768488	0.118520928	0.360717184	0.232628539	0.069242109
0.097964158	0.119408936	0.363164106	0.230904834	0.07116821
0.097171344	0.120314026	0.3656353	0.229152347	0.073188857
0.096392881	0.12124367	0.368142866	0.227355954	0.075326097
0.095633224	0.122209269	0.370704278	0.225493734	0.077611721
0.094900377	0.123229891	0.373345899	0.223532494	0.080093936
0.094212645	0.124343226	0.376108769	0.221420519	0.082849321
0.093663049	0.125682636	0.379019095	0.219128729	0.08595032
0.093193775	0.126787927	0.381806235	0.216487194	0.090180513
0.093242232	0.129143831	0.386604044	0.209563131	0.099821666
0.093205017	0.129516601	0.385950287	0.20875598	0.10120135
0.092795781	0.129838207	0.386139531	0.208238246	0.102270437
0.092277788	0.130150831	0.386591258	0.207789468	0.103250141
0.091703402	0.130459211	0.387182533	0.20737786	0.10417985
0.091094547	0.130764273	0.387859678	0.206993825	0.105074591
0.090462938	0.131066091	0.388593075	0.206633914	0.105941694
0.089815731	0.131364529	0.389364202	0.206296926	0.106785219
0.089157691	0.131659423	0.390160524	0.205982599	0.107607593
0.088492189	0.131950643	0.390973097	0.205691082	0.108410325
0.087821731	0.132238117	0.391795287	0.205422706	0.109194369
0.087148247	0.132521835	0.392622041	0.20517786	0.109960315
0.086473277	0.132801864	0.393449436	0.204956939	0.110708501
0.085798094	0.13307835	0.394274389	0.204760311	0.11143907
0.085123776	0.133351531	0.395094469	0.2045883	0.112152008
0.084451277	0.133621757	0.395907768	0.204441177	0.112847149
0.083781476	0.133889518	0.396712815	0.204319152	0.113524173
0.083115219	0.134155487	0.397508527	0.204222371	0.114182569
0.082453383	0.134420593	0.398294189	0.204150915	0.114821579
0.081796937	0.134686137	0.399069463	0.204104796	0.115440087
0.081147063	0.134954008	0.399834454	0.204083955	0.116036407
0.080505347	0.135227082	0.400589846	0.204088273	0.116607886
0.079874213	0.135510088	0.401337236	0.204117598	0.117150011
0.079257989	0.135811799	0.402079957	0.204171875	0.117654127
0.078666563	0.13615242	0.402825738	0.204251766	0.118099605
0.07814012	0.136612847	0.403603254	0.20436437	0.118400537
0.077910868	0.136917405	0.403399933	0.205324683	0.118177373
0.077370876	0.136920239	0.403496737	0.205888399	0.118565527
0.076788401	0.136950914	0.40374339	0.206339671	0.119015906
0.076190234	0.136992444	0.40404642	0.206757254	0.119483161
0.075585012	0.137038937	0.404375183	0.207166603	0.119953152
0.074976818	0.137087457	0.404715029	0.207579682	0.120419437
0.074367967	0.13713628	0.405057633	0.208003157	0.120878524
0.073759913	0.137184303	0.405397767	0.208441118	0.121328316
0.073153646	0.137230776	0.405731928	0.208896229	0.12176747
0.072549871	0.13727518	0.406057667	0.209370288	0.12219508
0.07194911	0.137317147	0.406373228	0.209864531	0.122610522
0.071351766	0.13735642	0.406677328	0.210379811	0.123013351
0.070758154	0.137392828	0.40696903	0.210916702	0.123403246
0.070168527	0.137426263	0.407247653	0.211475576	0.123779973
0.069583094	0.137456676	0.40751272	0.212056643	0.12414336
0.069002026	0.137484062	0.407763911	0.212659985	0.124493277
0.068425473	0.137508462	0.408001045	0.213285578	0.124829625
0.067853562	0.13752996	0.408224056	0.213933306	0.125152328
0.067286407	0.137548681	0.408432985	0.214602967	0.125461319
0.066724113	0.137564797	0.408627972	0.215294281	0.125756537
0.06616678	0.13757853	0.408809259	0.216006888	0.126037917
0.065614507	0.137590164	0.40897719	0.216740342	0.126305381
0.065067398	0.137600051	0.409132229	0.217494105	0.12655883
0.064525568	0.13760864	0.409274971	0.218267528	0.126798132
0.063989149	0.137616497	0.409406181	0.219059827	0.127023099
0.063458303	0.137624353	0.409526842	0.219870041	0.127233463
0.062933242	0.137633172	0.409638228	0.220696972	0.127428836
0.062414252	0.137644264	0.409742044	0.221539074	0.127608636
0.061901747	0.137659488	0.409840653	0.222394274	0.127771968
0.061396363	0.137681627	0.40993751	0.223259625	0.12791739
0.060899167	0.137715204	0.410038081	0.224130582	0.128042397
0.060412182	0.137768509	0.410152127	0.22499922	0.128142121
0.059940159	0.137860339	0.41030118	0.225848429	0.128204925
0.059502004	0.138062626	0.410565117	0.226616095	0.128183879
0.059345284	0.138305808	0.410150429	0.227993206	0.127585156
0.058983352	0.138165924	0.409602798	0.229440714	0.127453479
0.058578225	0.138027042	0.409178082	0.23078666	0.1274055
0.058157028	0.137887772	0.408800342	0.23209839	0.127386237
0.057728259	0.137747377	0.408445302	0.233397334	0.12737867
0.057295872	0.137605399	0.408101485	0.234693547	0.127374982
0.056862071	0.137461532	0.407762427	0.235992627	0.127370884
0.05642822	0.137315564	0.407424109	0.237298006	0.127363774
0.055995225	0.137167346	0.407083863	0.238611915	0.127351959
0.055563715	0.137016776	0.406739847	0.239935854	0.127334292
0.055134145	0.136863787	0.406390754	0.241270854	0.12730997
0.054706853	0.136708335	0.406035638	0.24261762	0.127278419
0.054282094	0.136550402	0.405673817	0.243976635	0.127239223
0.053860063	0.136389985	0.405304795	0.245348209	0.127192078
0.053440913	0.136227097	0.404928221	0.246732528	0.127136765
0.053024762	0.136061763	0.404543857	0.248129683	0.127073124
0.052611707	0.135894022	0.404151553	0.249539682	0.127001043
0.052201821	0.135723922	0.40375123	0.250962475	0.126920445
0.051795165	0.135551523	0.403342868	0.252397957	0.126831281
0.051391785	0.135376895	0.402926499	0.253845977	0.126733521
0.050991722	0.135200115	0.402502197	0.255306349	0.126627155
0.050595006	0.135021276	0.402070077	0.256778848	0.126512182
0.050201663	0.134840478	0.401630289	0.258263218	0.126388611
0.049811715	0.134657835	0.401183017	0.25975917	0.126256458
0.049425181	0.134473474	0.400728479	0.261266384	0.126115742
0.049042079	0.134287536	0.400266926	0.262784507	0.125966483
0.048662427	0.134100184	0.399798646	0.264313149	0.125808701
0.048286245	0.133911597	0.399323964	0.265851883	0.125642411
0.047913553	0.133721983	0.398843251	0.267400235	0.125467624
0.047544378	0.133531581	0.398356928	0.268957678	0.125284338
0.047178754	0.133340666	0.397865477	0.27052362	0.12509254
0.046816723	0.133149568	0.397369455	0.272097389	0.124892196
0.046458342	0.132958675	0.396869515	0.273678209	0.124683245
0.046103686	0.132768467	0.396366433	0.275265171	0.124465588
0.045752856	0.132579535	0.395861152	0.276857182	0.124239076
0.045405994	0.132392637	0.395354844	0.278452899	0.12400348
0.045063298	0.132208769	0.394849012	0.280050614	0.12375846
0.044725057	0.13202929	0.39434566	0.281648068	0.123503494
0.044391707	0.131856146	0.393847589	0.283242126	0.123237771
0.044063947	0.131692303	0.393358972	0.284828136	0.122959959
0.043742989	0.131542704	0.392886623	0.286398541	0.122667697
0.043431237	0.131416802	0.392443304	0.287939224	0.122356232
0.043134796	0.131337828	0.392059765	0.289416267	0.122013342
0.042886929	0.131428081	0.391894184	0.290655621	0.121571574
0.042880963	0.131381907	0.390762399	0.292721959	0.120687195
0.042654935	0.131076797	0.389731669	0.294804619	0.120227113
0.042396175	0.130770284	0.388796996	0.296813199	0.119826186
0.042123038	0.130463792	0.387908727	0.298787453	0.119449984
0.041842156	0.130157621	0.387048492	0.30074217	0.119086144
0.041556819	0.12985182	0.386206983	0.302684857	0.118728582
0.041268939	0.129546367	0.385378694	0.304619951	0.118373801
0.040979734	0.129241216	0.384560047	0.306550317	0.118019596
0.040690036	0.128936315	0.383748569	0.308477924	0.117664488
0.040400435	0.128631616	0.382942473	0.310404177	0.117307439
0.040111367	0.128327077	0.382140427	0.312330107	0.1169477
0.039823161	0.12802266	0.381341414	0.314256488	0.116584716
0.039536071	0.127718333	0.380544643	0.316183904	0.116218072
0.039250295	0.12741407	0.379749494	0.318112804	0.115847451
0.038965991	0.127109851	0.378955472	0.320043529	0.11547261
0.038683282	0.126805661	0.378162184	0.321976338	0.115093365
0.038402269	0.126501489	0.377369318	0.323911423	0.114709574
0.038123033	0.126197328	0.376576624	0.325848926	0.114321128
0.037845639	0.125893176	0.375783904	0.327788945	0.113927946
0.037570138	0.125589034	0.374991007	0.329731541	0.113529971
0.037296572	0.125284908	0.374197815	0.331676747	0.11312716
0.037024974	0.124980806	0.373404244	0.333624569	0.112719486
0.03675537	0.12467674	0.372610237	0.335574991	0.112306934
0.036487779	0.124372726	0.371815759	0.337527978	0.111889495
0.036222216	0.124068782	0.371020799	0.339483479	0.111467174
0.03595869	0.123764929	0.370225361	0.341441425	0.111039976
0.03569721	0.123461195	0.369429471	0.343401734	0.110607915
0.035437777	0.123157607	0.368633168	0.345364311	0.110171009
0.035180394	0.122854199	0.367836507	0.347329048	0.109729279
0.034925058	0.122551006	0.367039558	0.349295825	0.109282749
0.034671768	0.122248071	0.366242404	0.351264507	0.108831444
0.034420518	0.121945439	0.365445144	0.353234949	0.108375393
0.034171302	0.121643159	0.36464789	0.355206993	0.107914626
0.033924114	0.12134129	0.363850773	0.357180463	0.107449172
0.033678947	0.121039893	0.363053934	0.359155171	0.106979064
0.033435792	0.120739037	0.362257538	0.361130911	0.106504332
0.033194641	0.120438803	0.361461764	0.363107458	0.106025009
0.032955486	0.120139276	0.360666815	0.365084563	0.105541127
0.03271832	0.119840556	0.35987292	0.367061952	0.105052718
0.032483134	0.119542755	0.359080333	0.369039323	0.104559812
0.032249923	0.119246001	0.358289344	0.371016336	0.104062442
0.032018681	0.118950441	0.357500281	0.372992608	0.103560636
0.031789405	0.118656245	0.356713522	0.374967703	0.103054425
0.031562094	0.118363611	0.355929501	0.376941122	0.102543836
0.03133675	0.118072774	0.355148725	0.37891228	0.102028896
0.031113378	0.117784014	0.354371796	0.380880493	0.101509628
0.030891992	0.117497672	0.353599432	0.382844938	0.100986057
0.030672611	0.117214165	0.352832509	0.384804616	0.100458201
0.030455265	0.116934016	0.352072112	0.386758286	0.099926074
0.03024	0.116657898	0.351319621	0.388704373	0.099389687
0.030026883	0.116386692	0.350576832	0.390640818	0.09884904
0.029816016	0.1161216	0.349846167	0.392564845	0.098304121
0.029607553	0.115864324	0.349131031	0.39447254	0.097754894
0.029401743	0.115617411	0.348436487	0.396358076	0.097201284
0.029199007	0.115384984	0.347770662	0.398212084	0.096643138
0.029000144	0.115174512	0.347148193	0.40001766	0.096080118
0.02880698	0.115002467	0.34660114	0.401737736	0.09551136
0.028626013	0.114925605	0.346239227	0.403245318	0.094933421
0.028699547	0.115223413	0.345908251	0.404386121	0.093956474
0.02865728	0.115003709	0.344772732	0.406545802	0.093118139
0.02855777	0.11472583	0.343696801	0.4087177	0.092373163
0.028435236	0.114424934	0.342648353	0.410892165	0.091664868
0.02829961	0.114111074	0.341617704	0.413067013	0.090976686
0.028155461	0.113788809	0.340600247	0.415241498	0.090300939
0.028005349	0.113460665	0.33959332	0.417415341	0.089633292
0.027850884	0.113128211	0.338595204	0.419588451	0.088970995
0.027693155	0.1127925	0.337604704	0.421760828	0.088312165
0.02753294	0.112454276	0.336620944	0.42393251	0.087655439
0.02737082	0.11211409	0.33564326	0.42610356	0.086999787
0.027207239	0.111772362	0.334671131	0.428274052	0.086344405
0.027042544	0.11142942	0.33370414	0.430444065	0.085688646
0.026877017	0.111085526	0.332741948	0.432613681	0.085031978
0.026710886	0.110740895	0.331784274	0.434782985	0.084373955
0.026544337	0.110395703	0.330830883	0.43695206	0.083714196
0.026377528	0.110050098	0.329881576	0.439120993	0.083052367
0.026210592	0.109704205	0.328936184	0.441289869	0.082388175
0.02604364	0.10935813	0.327994563	0.443458775	0.081721357
0.025876768	0.109011967	0.327056587	0.445627799	0.081051674
0.025710058	0.108665795	0.326122148	0.447797029	0.080378906
0.025543582	0.108319686	0.325191154	0.449966558	0.079702849
0.025377401	0.1079737	0.324263523	0.452136477	0.079023309
0.025211567	0.107627894	0.323339184	0.454306882	0.078340103
0.025046128	0.107282315	0.322418076	0.456477872	0.077653055
0.024881124	0.106937008	0.321500147	0.458649547	0.076961993
0.024716588	0.106592012	0.32058535	0.460822014	0.07626675
0.024552553	0.106247363	0.319673647	0.462995381	0.075567159
0.024389043	0.105903094	0.318765004	0.465169762	0.074863056
0.024226081	0.105559233	0.317859393	0.467345276	0.074154275
0.024063687	0.105215807	0.316956792	0.469522048	0.073440649
0.023901877	0.104872842	0.316057182	0.471700207	0.072722009
0.023740665	0.10453036	0.315160547	0.47387989	0.071998183
0.023580062	0.104188381	0.314266878	0.476061242	0.071268993
0.023420078	0.103846925	0.313376167	0.478244412	0.070534257
0.02326072	0.103506009	0.312488412	0.48042956	0.069793786
0.023101993	0.103165651	0.311603611	0.482616856	0.069047386
0.022943901	0.102825866	0.310721769	0.484806475	0.068294852
0.022786446	0.102486668	0.309842891	0.486998608	0.067535972
0.022629629	0.102148071	0.308966987	0.489193452	0.066770523
0.022473449	0.101810087	0.30809407	0.491391219	0.065998272
0.022317903	0.101472729	0.307224154	0.493592134	0.065218971
0.022162988	0.101136008	0.30635726	0.495796435	0.064432361
0.022008699	0.100799935	0.305493409	0.498004375	0.063638167
0.02185503	0.10046452	0.304632627	0.500216226	0.062836097
0.021701973	0.100129773	0.303774943	0.502432276	0.062025842
0.02154952	0.099795703	0.30292039	0.504652834	0.061207073
0.021397662	0.099462321	0.302069005	0.506878229	0.060379437
0.021246385	0.099129635	0.301220829	0.509108814	0.05954256
0.021095679	0.098797654	0.300375908	0.511344969	0.058696038
0.020945529	0.098466386	0.299534292	0.513587102	0.057839441
0.020795919	0.098135842	0.298696038	0.515835651	0.056972302
0.020646833	0.097806029	0.297861209	0.518091089	0.056094123
0.020498252	0.097476957	0.297029872	0.520353928	0.055204362
0.020350154	0.097148635	0.296202104	0.522624722	0.054302433
0.020202519	0.096821073	0.295377991	0.524904071	0.0533877
0.020055321	0.096494281	0.294557625	0.527192629	0.052459473
0.019908532	0.096168271	0.293741113	0.529491109	0.051516994
0.019762124	0.095843054	0.292928571	0.531800291	0.050559437
0.019616063	0.095518643	0.29212013	0.534121029	0.049585895
0.019470314	0.095195052	0.291315937	0.536454264	0.048595365
0.019324835	0.094872298	0.290516159	0.538801034	0.047586742
0.019179583	0.094550398	0.289720984	0.541162489	0.046558797
0.019034506	0.094229373	0.288930628	0.54353991	0.045510158
0.018889548	0.093909247	0.288145335	0.545934726	0.044439293
0.018744646	0.093590047	0.287365392	0.548348542	0.043344471
0.018599726	0.093271807	0.286591127	0.550783171	0.042223738
0.018454704	0.092954566	0.285822928	0.553240669	0.041074863
0.018309482	0.092638371	0.285061254	0.555723386	0.039895291
0.018163945	0.092323281	0.284306652	0.558234025	0.038682067
0.018017956	0.09200937	0.283559786	0.56077572	0.03743175
0.017871351	0.091696731	0.282821473	0.563352138	0.036140287
0.017723926	0.091385484	0.282092734	0.56596761	0.034802861
0.017575428	0.091075791	0.281374873	0.568627307	0.033413668
0.01742553	0.090767868	0.280669601	0.571337484	0.031965614
0.017273798	0.090462026	0.27997923	0.574105808	0.030449884
0.017119632	0.090158721	0.279307027	0.576941818	0.028855298
0.016962159	0.089858671	0.278657869	0.579857562	0.027167329
0.016799993	0.089563102	0.278039652	0.582868427	0.025366543
0.016630657	0.089274404	0.27746689	0.585993866	0.023425979
0.01644856	0.088998492	0.276973269	0.589255301	0.021306676
0.016229174	0.088764092	0.276711451	0.592628323	0.018953039
0.016226758	0.088981029	0.276851716	0.595187581	0.016172186
0.016185759	0.088875275	0.276342603	0.599172896	0.01281409
0.016101541	0.088700468	0.275829419	0.604572184	0.008175192
0.016055117	0.089083806	0.277867579	0.610344629	0
0.01610881	0.089485002	0.279529857	0.608181288	0
0.016121811	0.089649753	0.280283674	0.607217611	0
0.016117931	0.089723286	0.280701952	0.606703797	0
0.016103591	0.089742764	0.280927461	0.606451318	0
0.016081823	0.089724982	0.281023177	0.606376313	0
0.016054393	0.089679369	0.281023715	0.606432348	0
0.015963545	0.089578501	0.280581907	0.608586359	0
0.015872697	0.089477633	0.280140099	0.610740369	0
0.01578185	0.089376765	0.279698291	0.61289438	0
0.015691002	0.089275896	0.279256483	0.61504839	0
0.015600154	0.089175028	0.278814675	0.617202401	0
0.015509306	0.08907416	0.278372867	0.619356411	0
0.015418458	0.088973292	0.277931059	0.621510422	0
0.01532761	0.088872424	0.27748925	0.623664432	0
0.015236762	0.088771556	0.277047442	0.625818443	0
0.015145914	0.088670688	0.276605634	0.627972454	0
0.015055066	0.08856982	0.276163826	0.630126464	0
0.014964218	0.088468952	0.275722018	0.632280475	0
0.014873371	0.088368083	0.27528021	0.634434485	0
0.014782523	0.088267215	0.274838402	0.636588496	0
0.014691675	0.088166347	0.274396594	0.638742506	0
0.014600827	0.088065479	0.273954786	0.640896517	0
0.014509979	0.087964611	0.273512978	0.643050527	0
0.014419131	0.087863743	0.27307117	0.645204538	0
0.014328283	0.087762875	0.272629362	0.647358548	0
0.014237435	0.087662007	0.272187553	0.649512559	0
0.014146587	0.087561139	0.271745745	0.651666569	0
0.01405574	0.08746027	0.271303937	0.65382058	0
0.013964892	0.087359402	0.270862129	0.65597459	0
0.013874044	0.087258534	0.270420321	0.658128601	0
0.013783196	0.087157666	0.269978513	0.660282611	0
0.013692348	0.087056798	0.269536705	0.662436622	0
0.0136015	0.08695593	0.269094897	0.664590632	0
0.013510652	0.086855062	0.268653089	0.666744643	0
0.013419804	0.086754194	0.268211281	0.668898653	0
0.013328956	0.086653326	0.267769473	0.671052664	0
0.013238108	0.086552457	0.267327665	0.673206674	0
0.013147261	0.086451589	0.266885857	0.675360685	0
0.013056413	0.086350721	0.266444048	0.677514695	0
0.012965565	0.086249853	0.26600224	0.679668706	0
0.012874717	0.086148985	0.265560432	0.681822716	0
0.012783869	0.086048117	0.265118624	0.683976727	0
0.012693021	0.085947249	0.264676816	0.686130738	0
0.012602173	0.085846381	0.264235008	0.688284748	0
0.012511325	0.085745513	0.2637932	0.690438759	0
0.012420477	0.085644644	0.263351392	0.692592769	0
0.01232963	0.085543776	0.262909584	0.69474678	0
0.012238782	0.085442908	0.262467776	0.69690079	0
0.012147934	0.08534204	0.262025968	0.699054801	0
0.012057086	0.085241172	0.26158416	0.701208811	0
0.011966238	0.085140304	0.261142351	0.703362822	0
0.01187539	0.085039436	0.260700543	0.705516832	0
0.011784542	0.084938568	0.260258735	0.707670843	0
0.011693694	0.0848377	0.259816927	0.709824853	0
0.011602846	0.084736831	0.259375119	0.711978864	0
0.011511998	0.084635963	0.258933311	0.714132874	0
0.011421151	0.084535095	0.258491503	0.716286885	0
0.011330303	0.084434227	0.258049695	0.718440895	0
0.011239455	0.084333359	0.257607887	0.720594906	0
0.011148607	0.084232491	0.257166079	0.722748916	0
0.011057759	0.084131623	0.256724271	0.724902927	0
0.010966911	0.084030755	0.256282463	0.727056937	0
0.010876063	0.083929886	0.255840654	0.729210948	0
0.010785215	0.083829018	0.255398846	0.731364958	0
0.010694367	0.08372815	0.254957038	0.733518969	0
0.01060352	0.083627282	0.25451523	0.735672979	0
0.010512672	0.083526414	0.254073422	0.73782699	0
0.010421824	0.083425546	0.253631614	0.739981	0
0.010330976	0.083324678	0.253189806	0.742135011	0
0.010240128	0.08322381	0.252747998	0.744289021	0
0.01014928	0.083122942	0.25230619	0.746443032	0
0.010058432	0.083022073	0.251864382	0.748597043	0
0.009967584	0.082921205	0.251422574	0.750751053	0
0.009876736	0.082820337	0.250980766	0.752905064	0
0.009785888	0.082719469	0.250538957	0.755059074	0
0.009695041	0.082618601	0.250097149	0.757213085	0
0.009604193	0.082517733	0.249655341	0.759367095	0
0.009513345	0.082416865	0.249213533	0.761521106	0
0.009422497	0.082315997	0.248771725	0.763675116	0
0.009331649	0.082215129	0.248329917	0.765829127	0
0.009240801	0.08211426	0.247888109	0.767983137	0
0.009149953	0.082013392	0.247446301	0.770137148	0
0.009059105	0.081912524	0.247004493	0.772291158	0
0.008968257	0.081811656	0.246562685	0.774445169	0
0.00887741	0.081710788	0.246120877	0.776599179	0
0.008786562	0.08160992	0.245679069	0.77875319	0
0.008695714	0.081509052	0.245237261	0.7809072	0
0.008604866	0.081408184	0.244795452	0.783061211	0
0.008514018	0.081307316	0.244353644	0.785215221	0
0.00842317	0.081206447	0.243911836	0.787369232	0
0.008332322	0.081105579	0.243470028	0.789523242	0
0.008241474	0.081004711	0.24302822	0.791677253	0
0.008150626	0.080903843	0.242586412	0.793831263	0
0.008059779	0.080802975	0.242144604	0.795985274	0
0.007968931	0.080702107	0.241702796	0.798139284	0
0.007878083	0.080601239	0.241260988	0.800293295	0
0.007787235	0.080500371	0.24081918	0.802447305	0
0.007696387	0.080399503	0.240377372	0.804601316	0
0.007605539	0.080298634	0.239935564	0.806755326	0
0.007514691	0.080197766	0.239493755	0.808909337	0
0.007423843	0.080096898	0.239051947	0.811063348	0
0.007332995	0.07999603	0.238610139	0.813217358	0
0.007242147	0.079895162	0.238168331	0.815371369	0
0.0071513	0.079794294	0.237726523	0.817525379	0
0.007060452	0.079693426	0.237284715	0.81967939	0
0.006969604	0.079592558	0.236842907	0.8218334	0
0.006878756	0.07949169	0.236401099	0.823987411	0
0.006787908	0.079390821	0.235959291	0.826141421	0
0.00669706	0.079289953	0.235517483	0.828295432	0
0.006606212	0.079189085	0.235075675	0.830449442	0
0.006515364	0.079088217	0.234633867	0.832603453	0
0.006424516	0.078987349	0.234192058	0.834757463	0
0.006333669	0.078886481	0.23375025	0.836911474	0
0.006242821	0.078785613	0.233308442	0.839065484	0
0.006151973	0.078684745	0.232866634	0.841219495	0
0.006061125	0.078583877	0.232424826	0.843373505	0
0.005970277	0.078483008	0.231983018	0.845527516	0
0.005879429	0.07838214	0.23154121	0.847681526	0
0.005788581	0.078281272	0.231099402	0.849835537	0
0.005697733	0.078180404	0.230657594	0.851989547	0
0.005606885	0.078079536	0.230215786	0.854143558	0
0.005516037	0.077978668	0.229773978	0.856297568	0
0.00542519	0.0778778	0.22933217	0.858451579	0
0.005334342	0.077776932	0.228890362	0.860605589	0
0.005243494	0.077676064	0.228448553	0.8627596	0
0.005152646	0.077575195	0.228006745	0.86491361	0
0.005061798	0.077474327	0.227564937	0.867067621	0
0.00497095	0.077373459	0.227123129	0.869221631	0
0.004880102	0.077272591	0.226681321	0.871375642	0
0.004789254	0.077171723	0.226239513	0.873529653	0
0.004698406	0.077070855	0.225797705	0.875683663	0
0.004607559	0.076969987	0.225355897	0.877837674	0
0.004516711	0.076869119	0.224914089	0.879991684	0
0.004425863	0.076768251	0.224472281	0.882145695	0
0.004335015	0.076667382	0.224030473	0.884299705	0
0.004244167	0.076566514	0.223588665	0.886453716	0
0.004153319	0.076465646	0.223146856	0.888607726	0
0.004062471	0.076364778	0.222705048	0.890761737	0
0.003971623	0.07626391	0.22226324	0.892915747	0
0.003880775	0.076163042	0.221821432	0.895069758	0
0.003789927	0.076062174	0.221379624	0.897223768	0
0.00369908	0.075961306	0.220937816	0.899377779	0
0.003608232	0.075860438	0.220496008	0.901531789	0
0.003517384	0.075759569	0.2200542	0.9036858	0
0.003426536	0.075658701	0.219612392	0.90583981	0
0.003335688	0.075557833	0.219170584	0.907993821	0
0.00324484	0.075456965	0.218728776	0.910147831	0
0.003153992	0.075356097	0.218286968	0.912301842	0
0.003063144	0.075255229	0.217845159	0.914455852	0
0.002972296	0.075154361	0.217403351	0.916609863	0
0.002881449	0.075053493	0.216961543	0.918763873	0
0.002790601	0.074952625	0.216519735	0.920917884	0
0.002699753	0.074851756	0.216077927	0.923071894	0
0.002608905	0.074750888	0.215636119	0.925225905	0
0.002518057	0.07465002	0.215194311	0.927379915	0
0.002427209	0.074549152	0.214752503	0.929533926	0
0.002336361	0.074448284	0.214310695	0.931687936	0
0.002245513	0.074347416	0.213868887	0.933841947	0
0.002154665	0.074246548	0.213427079	0.935995958	0
0.002063817	0.07414568	0.212985271	0.938149968	0
0.00197297	0.074044812	0.212543463	0.940303979	0
0.001882122	0.073943943	0.212101654	0.942457989	0
0.001791274	0.073843075	0.211659846	0.944612	0
0.001700426	0.073742207	0.211218038	0.94676601	0
0.001609578	0.073641339	0.21077623	0.948920021	0
0.00151873	0.073540471	0.210334422	0.951074031	0
0.001427882	0.073439603	0.209892614	0.953228042	0
0.001337034	0.073338735	0.209450806	0.955382052	0
0.001246186	0.073237867	0.209008998	0.957536063	0
0.001155339	0.073136999	0.20856719	0.959690073	0
0.001064491	0.07303613	0.208125382	0.961844084	0
0.000973643	0.072935262	0.207683574	0.963998094	0
0.000882795	0.072834394	0.207241766	0.966152105	0
0.000791947	0.072733526	0.206799957	0.968306115	0
0.000701099	0.072632658	0.206358149	0.970460126	0
0.000610251	0.07253179	0.205916341	0.972614136	0
0.000519403	0.072430922	0.205474533	0.974768147	0
0.000428555	0.072330054	0.205032725	0.976922157	0
0.000337707	0.072229186	0.204590917	0.979076168	0
0.00024686	0.072128317	0.204149109	0.981230178	0
0.000156012	0.072027449	0.203707301	0.983384189	0
0	0.071926581	0.203265493	0.985538199	0
0	0.071825713	0.202823685	0.98769221	0
0	0.071724845	0.202381877	0.98984622	0
0	0.071623977	0.201940069	0.992000231	0
0	0.071523109	0.20149826	0.994154241	0
0	0.071422241	0.201056452	0.996308252	0
0	0.071321373	0.200614644	0.998462263	0
0	0.071220504	0.200172836	1	0
0	0.071119636	0.199731028	1	0
0	0.071018768	0.19928922	1	0
0	0.0709179	0.198847412	1	0
0	0.070817032	0.198405604	1	0
0	0.070716164	0.197963796	1	0
0	0.070615296	0.197521988	1	0
0	0.070514428	0.19708018	1	0
0	0.07041356	0.196638372	1	0
0	0.070312691	0.196196563	1	0
0	0.070211823	0.195754755	1	0
0	0.070110955	0.195312947	1	0
0	0.070010087	0.194871139	1	0
0	0.069909219	0.194429331	1	0
0	0.069808351	0.193987523	1	0
0	0.069707483	0.193545715	1	0
0	0.069606615	0.193103907	1	0
0	0.069505747	0.192662099	1	0
0	0.069404878	0.192220291	1	0
0	0.06930401	0.191778483	1	0
0	0.069203142	0.191336675	1	0
0	0.069102274	0.190894867	1	0
0	0.069001406	0.190453058	1	0
0	0.068900538	0.19001125	1	0
0	0.06879967	0.189569442	1	0
0	0.068698802	0.189127634	1	0
0	0.068597934	0.188685826	1	0
0	0.068497065	0.188244018	1	0
0	0.068396197	0.18780221	1	0
0	0.068295329	0.187360402	1	0
0	0.068194461	0.186918594	1	0
0	0.068093593	0.186476786	1	0
0	0.067992725	0.186034978	1	0
0	0.067891857	0.18559317	1	0
0	0.067790989	0.185151361	1	0
0	0.067690121	0.184709553	1	0
0	0.067589252	0.184267745	1	0
0	0.067488384	0.183825937	1	0
0	0.067387516	0.183384129	1	0
0	0.067286648	0.182942321	1	0
0	0.06718578	0.182500513	1	0
0	0.067084912	0.182058705	1	0
0	0.066984044	0.181616897	1	0
0	0.066883176	0.181175089	1	0
0	0.066782308	0.180733281	1	0
0	0.066681439	0.180291473	1	0
0	0.066580571	0.179849664	1	0
0	0.066479703	0.179407856	1	0
0	0.066378835	0.178966048	1	0
0	0.066277967	0.17852424	1	0
0	0.066177099	0.178082432	1	0
0	0.066076231	0.177640624	1	0
0	0.065975363	0.177198816	1	0
0	0.065874495	0.176757008	1	0
0	0.065773626	0.1763152	1	0
0	0.065672758	0.175873392	1	0
0	0.06557189	0.175431584	1	0
0	0.065471022	0.174989776	1	0
0	0.065370154	0.174547968	1	0
0	0.065269286	0.174106159	1	0
0	0.065168418	0.173664351	1	0
0	0.06506755	0.173222543	1	0
0	0.064966682	0.172780735	1	0
0	0.064865813	0.172338927	1	0
0	0.064764945	0.171897119	1	0
0	0.064664077	0.171455311	1	0
0	0.064563209	0.171013503	1	0
0	0.064462341	0.170571695	1	0
0	0.064361473	0.170129887	1	0
0	0.064260605	0.169688079	1	0
0	0.064159737	0.169246271	1	0
0	0.064058869	0.168804462	1	0
0	0.063958	0.168362654	1	0
0	0.063857132	0.167920846	1	0
0	0.063756264	0.167479038	1	0
0	0.063655396	0.16703723	1	0
0	0.063554528	0.166595422	1	0
0	0.06345366	0.166153614	1	0
0	0.063352792	0.165711806	1	0
0	0.063251924	0.165269998	1	0
0	0.063151056	0.16482819	1	0
0	0.063050187	0.164386382	1	0
0	0.062949319	0.163944574	1	0
0	0.062848451	0.163502765	1	0
0	0.062747583	0.163060957	1	0
0	0.062646715	0.162619149	1	0
0	0.062545847	0.162177341	1	0
0	0.062444979	0.161735533	1	0
0	0.062344111	0.161293725	1	0
0	0.062243243	0.160851917	1	0
0	0.062142374	0.160410109	1	0
0	0.062041506	0.159968301	1	0
0	0.061940638	0.159526493	1	0
0	0.06183977	0.159084685	1	0
0	0.061738902	0.158642877	1	0
0	0.061638034	0.158201069	1	0
0	0.061537166	0.15775926	1	0
0	0.061436298	0.157317452	1	0
0	0.06133543	0.156875644	1	0
0	0.061234561	0.156433836	1	0
0	0.061133693	0.155992028	1	0
0	0.061032825	0.15555022	1	0
0	0.060931957	0.155108412	1	0
0	0.060831089	0.154666604	1	0
0	0.060730221	0.154224796	1	0
0	0.060629353	0.153782988	1	0
0	0.060528485	0.15334118	1	0
0	0.060427617	0.152899372	1	0
0	0.060326748	0.152457563	1	0
0	0.06022588	0.152015755	1	0
0	0.060125012	0.151573947	1	0
0	0.060024144	0.151132139	1	0
0	0.059923276	0.150690331	1	0
0	0.059822408	0.150248523	1	0
0	0.05972154	0.149806715	1	0
0	0.059620672	0.149364907	1	0
0	0.059519804	0.148923099	1	0
0	0.059418935	0.148481291	1	0
0	0.059318067	0.148039483	1	0
0	0.059217199	0.147597675	1	0
0	0.059116331	0.147155866	1	0
0	0.059015463	0.146714058	1	0
0	0.058914595	0.14627225	1	0
0	0.058813727	0.145830442	1	0
0	0.058712859	0.145388634	1	0
0	0.058611991	0.144946826	1	0
0	0.058511122	0.144505018	1	0
0	0.058410254	0.14406321	1	0
0	0.058309386	0.143621402	1	0
0	0.058208518	0.143179594	1	0
0	0.05810765	0.142737786	1	0
0	0.058006782	0.142295978	1	0
0	0.057905914	0.141854169	1	0
0	0.057805046	0.141412361	1	0
0	0.057704178	0.140970553	1	0
0	0.057603309	0.140528745	1	0
0	0.057502441	0.140086937	1	0
0	0.057401573	0.139645129	1	0
0	0.057300705	0.139203321	1	0
0	0.057199837	0.138761513	1	0
0	0.057098969	0.138319705	1	0
0	0.056998101	0.137877897	1	0
0	0.056897233	0.137436089	1	0
0	0.056796365	0.136994281	1	0
0	0.056695496	0.136552473	1	0
0	0.056594628	0.136110664	1	0
0	0.05649376	0.135668856	1	0
0	0.056392892	0.135227048	1	0
0	0.056292024	0.13478524	1	0
0	0.056191156	0.134343432	1	0
0	0.056090288	0.133901624	1	0
0	0.05598942	0.133459816	1	0
0	0.055888552	0.133018008	1	0
0	0.055787683	0.1325762	1	0
0	0.055686815	0.132134392	1	0
0	0.055585947	0.131692584	1	0
0	0.055485079	0.131250776	1	0
0	0.055384211	0.130808967	1	0
0	0.055283343	0.130367159	1	0
0	0.055182475	0.129925351	1	0
0	0.055081607	0.129483543	1	0
0	0.054980739	0.129041735	1	0
0	0.05487987	0.128599927	1	0
0	0.054779002	0.128158119	1	0
0	0.054678134	0.127716311	1	0
0	0.054577266	0.127274503	1	0
0	0.054476398	0.126832695	1	0
0	0.05437553	0.126390887	1	0
0	0.054274662	0.125949079	1	0
0	0.054173794	0.12550727	1	0
0	0.054072926	0.125065462	1	0
0	0.053972057	0.124623654	1	0
0	0.053871189	0.124181846	1	0
0	0.053770321	0.123740038	1	0
0	0.053669453	0.12329823	1	0
0	0.053568585	0.122856422	1	0
0	0.053467717	0.122414614	1	0
0	0.053366849	0.121972806	1	0
0	0.053265981	0.121530998	1	0
0	0.053165113	0.12108919	1	0
0	0.053064244	0.120647382	1	0
0	0.052963376	0.120205574	1	0
0	0.052862508	0.119763765	1	0
0	0.05276164	0.119321957	1	0
0	0.052660772	0.118880149	1	0
0	0.052559904	0.118438341	1	0
0	0.052459036	0.117996533	1	0
0	0.052358168	0.117554725	1	0
0	0.0522573	0.117112917	1	0
0	0.052156431	0.116671109	1	0
0	0.052055563	0.116229301	1	0
0	0.051954695	0.115787493	1	0
0	0.051853827	0.115345685	1	0
0	0.051752959	0.114903877	1	0
0	0.051652091	0.114462068	1	0
0	0.051551223	0.11402026	1	0
0	0.051450355	0.113578452	1	0
0	0.051349487	0.113136644	1	0
0	0.051248618	0.112694836	1	0
0	0.05114775	0.112253028	1	0
0	0.051046882	0.11181122	1	0
0	0.050946014	0.111369412	1	0
0	0.050845146	0.110927604	1	0
0	0.050744278	0.110485796	1	0
0	0.05064341	0.110043988	1	0
0	0.050542542	0.10960218	1	0
0	0.050441674	0.109160371	1	0
0	0.050340805	0.108718563	1	0
0	0.050239937	0.108276755	1	0
0	0.050139069	0.107834947	1	0
0	0.050038201	0.107393139	1	0
0	0.049937333	0.106951331	1	0
0	0.049836465	0.106509523	1	0
0	0.049735597	0.106067715	1	0
0	0.049634729	0.105625907	1	0
0	0.049533861	0.105184099	1	0
0	0.049432992	0.104742291	1	0
0	0.049332124	0.104300483	1	0
0	0.049231256	0.103858675	1	0
0	0.049130388	0.103416866	1	0
0	0.04902952	0.102975058	1	0
0	0.048928652	0.10253325	1	0
0	0.048827784	0.102091442	1	0
0	0.048726916	0.101649634	1	0
0	0.048626048	0.101207826	1	0
0	0.048525179	0.100766018	1	0
0	0.048424311	0.10032421	1	0
0	0.048323443	0.099882402	1	0
0	0.048222575	0.099440594	1	0
0	0.048121707	0.098998786	1	0
0	0.048020839	0.098556978	1	0
0	0.047919971	0.098115169	1	0
0	0.047819103	0.097673361	1	0
0	0.047718234	0.097231553	1	0
0	0.047617366	0.096789745	1	0
0	0.047516498	0.096347937	1	0
0	0.04741563	0.095906129	1	0
0	0.047314762	0.095464321	1	0
0	0.047213894	0.095022513	1	0
0	0.047113026	0.094580705	1	0
0	0.047012158	0.094138897	1	0
0	0.04691129	0.093697089	1	0
0	0.046810421	0.093255281	1	0
0	0.046709553	0.092813472	1	0
0	0.046608685	0.092371664	1	0
0	0.046507817	0.091929856	1	0
0	0.046406949	0.091488048	1	0
0	0.046306081	0.09104624	1	0
0	0.046205213	0.090604432	1	0
0	0.046104345	0.090162624	1	0
0	0.046003477	0.089720816	1	0
0	0.045902608	0.089279008	1	0
0	0.04580174	0.0888372	1	0
0	0.045700872	0.088395392	1	0
0	0.045600004	0.087953584	1	0
0	0.045499136	0.087511775	1	0
0	0.045398268	0.087069967	1	0
0	0.0452974	0.086628159	1	0
0	0.045196532	0.086186351	1	0
0	0.045095664	0.085744543	1	0
0	0.044994795	0.085302735	1	0
0	0.044893927	0.084860927	1	0
0	0.044793059	0.084419119	1	0
0	0.044692191	0.083977311	1	0
0	0.044591323	0.083535503	1	0
0	0.044490455	0.083093695	1	0
0	0.044389587	0.082651887	1	0
0	0.044288719	0.082210079	1	0
0	0.044187851	0.08176827	1	0
0	0.044086982	0.081326462	1	0
0	0.043986114	0.080884654	1	0
0	0.043885246	0.080442846	1	0
0	0.043784378	0.080001038	1	0
0	0.04368351	0.07955923	1	0
0	0.043582642	0.079117422	1	0
0	0.043481774	0.078675614	1	0
0	0.043380906	0.078233806	1	0
0	0.043280038	0.077791998	1	0
0	0.043179169	0.07735019	1	0
0	0.043078301	0.076908382	1	0
0	0.042977433	0.076466573	1	0
0	0.042876565	0.076024765	1	0
0	0.042775697	0.075582957	1	0
0	0.042674829	0.075141149	1	0
0	0.042573961	0.074699341	1	0
0	0.042473093	0.074257533	1	0
0	0.042372225	0.073815725	1	0
0	0.042271356	0.073373917	1	0
0	0.042170488	0.072932109	1	0
0	0.04206962	0.072490301	1	0
0	0.041968752	0.072048493	1	0
0	0.041867884	0.071606685	1	0
0	0.041767016	0.071164876	1	0
0	0.041666148	0.070723068	1	0
0	0.04156528	0.07028126	1	0
0	0.041464412	0.069839452	1	0
0	0.041363543	0.069397644	1	0
0	0.041262675	0.068955836	1	0
0	0.041161807	0.068514028	1	0
0	0.041060939	0.06807222	1	0
0	0.040960071	0.067630412	1	0
0	0.040859203	0.067188604	1	0
0	0.040758335	0.066746796	1	0
0	0.040657467	0.066304988	1	0
0	0.040556599	0.06586318	1	0
0	0.04045573	0.065421371	1	0
0	0.040354862	0.064979563	1	0
0	0.040253994	0.064537755	1	0
0	0.040153126	0.064095947	1	0
0	0.040052258	0.063654139	1	0
0	0.03995139	0.063212331	1	0
0	0.039850522	0.062770523	1	0
0	0.039749654	0.062328715	1	0
0	0.039648786	0.061886907	1	0
0	0.039547917	0.061445099	1	0
0	0.039447049	0.061003291	1	0
0	0.039346181	0.060561483	1	0
0	0.039245313	0.060119674	1	0
0	0.039144445	0.059677866	1	0
0	0.039043577	0.059236058	1	0
0	0.038942709	0.05879425	1	0
0	0.038841841	0.058352442	1	0
0	0.038740973	0.057910634	1	0
0	0.038640104	0.057468826	1	0
0	0.038539236	0.057027018	1	0
0	0.038438368	0.05658521	1	0
0	0.0383375	0.056143402	1	0
0	0.038236632	0.055701594	1	0
0	0.038135764	0.055259786	1	0
0	0.038034896	0.054817977	1	0
0	0.037934028	0.054376169	1	0
0	0.03783316	0.053934361	1	0
0	0.037732291	0.053492553	1	0
0	0.037631423	0.053050745	1	0
0	0.037530555	0.052608937	1	0
0	0.037429687	0.052167129	1	0
0	0.037328819	0.051725321	1	0
0	0.037227951	0.051283513	1	0
0	0.037127083	0.050841705	1	0
0	0.037026215	0.050399897	1	0
0	0.036925347	0.049958089	1	0
0	0.036824478	0.049516281	1	0
0	0.03672361	0.049074472	1	0
0	0.036622742	0.048632664	1	0
0	0.036521874	0.048190856	1	0
0	0.036421006	0.047749048	1	0
0	0.036320138	0.04730724	1	0
0	0.03621927	0.046865432	1	0
0	0.036118402	0.046423624	1	0
0	0.036017534	0.045981816	1	0
0	0.035916665	0.045540008	1	0
0	0.035815797	0.0450982	1	0
0	0.035714929	0.044656392	1	0
0	0.035614061	0.044214584	1	0
0	0.035513193	0.043772775	1	0
0	0.035412325	0.043330967	1	0
0	0.035311457	0.042889159	1	0
0	0.035210589	0.042447351	1	0
0	0.035109721	0.042005543	1	0
0	0.035008852	0.041563735	1	0
0	0.034907984	0.041121927	1	0
0	0.034807116	0.040680119	1	0
0	0.034706248	0.040238311	1	0
0	0.03460538	0.039796503	1	0
0	0.034504512	0.039354695	1	0
0	0.034403644	0.038912887	1	0
0	0.034302776	0.038471078	1	0
0	0.034201908	0.03802927	1	0
0	0.034101039	0.037587462	1	0
0	0.034000171	0.037145654	1	0
0	0.033899303	0.036703846	1	0
0	0.033798435	0.036262038	1	0
0	0.033697567	0.03582023	1	0
0	0.033596699	0.035378422	1	0
0	0.033495831	0.034936614	1	0
0	0.033394963	0.034494806	1	0
0	0.033294095	0.034052998	1	0
0	0.033193226	0.03361119	1	0
0	0.033092358	0.033169381	1	0
0	0.03299149	0.032727573	1	0
0	0.032890622	0.032285765	1	0
0	0.032789754	0.031843957	1	0
0	0.032688886	0.031402149	1	0
0	0.032588018	0.030960341	1	0
0	0.03248715	0.030518533	1	0
0	0.032386282	0.030076725	1	0
0	0.032285413	0.029634917	1	0
0	0.032184545	0.029193109	1	0
0	0.032083677	0.028751301	1	0
0	0.031982809	0.028309493	1	0
0	0.031881941	0.027867685	1	0
0	0.031781073	0.027425876	1	0
0	0.031680205	0.026984068	1	0
0	0.031579337	0.02654226	1	0
0	0.031478469	0.026100452	1	0
0	0.0313776	0.025658644	1	0
0	0.031276732	0.025216836	1	0
0	0.031175864	0.024775028	1	0
0	0.031074996	0.02433322	1	0
0	0.030974128	0.023891412	1	0
0	0.03087326	0.023449604	1	0
0	0.030772392	0.023007796	1	0
0	0.030671524	0.022565988	1	0
0	0.030570656	0.022124179	1	0
0	0.030469787	0.021682371	1	0
0	0.030368919	0.021240563	1	0
0	0.030268051	0.020798755	1	0
0	0.030167183	0.020356947	1	0
0	0.030066315	0.019915139	1	0
0	0.029965447	0.019473331	1	0
0	0.029864579	0.019031523	1	0
0	0.029763711	0.018589715	1	0
0	0.029662843	0.018147907	1	0
0	0.029561974	0.017706099	1	0
0	0.029461106	0.017264291	1	0
0	0.029360238	0.016822482	1	0
0	0.02925937	0.016380674	1	0
0	0.029158502	0.015938866	1	0
0	0.029057634	0.015497058	1	0
0	0.028956766	0.01505525	1	0
0	0.028855898	0.014613442	1	0
0	0.02875503	0.014171634	1	0
0	0.028654161	0.013729826	1	0
0	0.028553293	0.013288018	1	0
0	0.028452425	0.01284621	1	0
0	0.028351557	0.012404402	1	0
0	0.028250689	0.011962594	1	0
0	0.028149821	0.011520786	1	0
0	0.028048953	0.011078977	1	0
0	0.027948085	0.010637169	1	0
0	0.027847217	0.010195361	1	0
0	0.027746348	0.009753553	1	0
0	0.02764548	0.009311745	1	0
0	0.027544612	0.008869937	1	0
0	0.027443744	0.008428129	1	0
0	0.027342876	0.007986321	1	0
0	0.027242008	0.007544513	1	0
0	0.02714114	0.007102705	1	0
0	0.027040272	0.006660897	1	0
0	0.026939404	0.006219089	1	0
0	0.026838535	0.00577728	1	0
0	0.026737667	0.005335472	1	0
0	0.026636799	0.004893664	1	0
0	0.026535931	0.004451856	1	0
0	0.026435063	0.004010048	1	0
0	0.026334195	0.00356824	1	0
0	0.026233327	0.003126432	1	0
0	0.026132459	0.002684624	1	0
0	0.026031591	0.002242816	1	0
0	0.025930722	0.001801008	1	0
0	0.025829854	0.0013592	1	0
0	0.025728986	0.000917392	1	0
0	0.025628118	0.000475583	1	0
0	0.02552725	3.37754E-05	1	0
0	0.025426382	-0.000408033	1	0
0	0.025325514	-0.000849841	1	0
0	0.025224646	-0.001291649	1	0
0	0.025123778	-0.001733457	1	0
0	0.025022909	-0.002175265	1	0
0	0.024922041	-0.002617073	1	0
0	0.024821173	-0.003058881	1	0
0	0.024720305	-0.003500689	1	0
0	0.024619437	-0.003942497	1	0
0	0.024518569	-0.004384305	1	0
0	0.024417701	-0.004826113	1	0
0	0.024316833	-0.005267922	1	0
0	0.024215965	-0.00570973	1	0
0	0.024115096	-0.006151538	1	0
0	0.024014228	-0.006593346	1	0
0	0.02391336	-0.007035154	1	0
0	0.023812492	-0.007476962	1	0
0	0.023711624	-0.00791877	1	0
0	0.023610756	-0.008360578	1	0
0	0.023509888	-0.008802386	1	0
0	0.02340902	-0.009244194	1	0
0	0.023308152	-0.009686002	1	0
0	0.023207283	-0.01012781	1	0
0	0.023106415	-0.010569619	1	0
0	0.023005547	-0.011011427	1	0
0	0.022904679	-0.011453235	1	0
0	0.022803811	-0.011895043	1	0
0	0.022702943	-0.012336851	1	0
0	0.022602075	-0.012778659	1	0
0	0.022501207	-0.013220467	1	0
0	0.022400339	-0.013662275	1	0
0	0.02229947	-0.014104083	1	0
0	0.022198602	-0.014545891	1	0
0	0.022097734	-0.014987699	1	0
0	0.021996866	-0.015429507	1	0
0	0.021895998	-0.015871316	1	0
0	0.02179513	-0.016313124	1	0
0	0.021694262	-0.016754932	1	0
0	0.021593394	-0.01719674	1	0
0	0.021492526	-0.017638548	1	0
0	0.021391657	-0.018080356	1	0
0	0.021290789	-0.018522164	1	0
0	0.021189921	-0.018963972	1	0
0	0.021089053	-0.01940578	1	0
0	0.020988185	-0.019847588	1	0
0	0.020887317	-0.020289396	1	0
0	0.020786449	-0.020731204	1	0
0	0.020685581	-0.021173013	1	0
0	0.020584713	-0.021614821	1	0
0	0.020483844	-0.022056629	1	0
0	0.020382976	-0.022498437	1	0
0	0.020282108	-0.022940245	1	0
0	0.02018124	-0.023382053	1	0
0	0.020080372	-0.023823861	1	0
0	0.019979504	-0.024265669	1	0
0	0.019878636	-0.024707477	1	0
0	0.019777768	-0.025149285	1	0
0	0.0196769	-0.025591093	1	0
0	0.019576031	-0.026032901	1	0
0	0.019475163	-0.026474709	1	0
0	0.019374295	-0.026916518	1	0
0	0.019273427	-0.027358326	1	0
0	0.019172559	-0.027800134	1	0
0	0.019071691	-0.028241942	1	0
0	0.018970823	-0.02868375	1	0
0	0.018869955	-0.029125558	1	0
0	0.018769087	-0.029567366	1	0
0	0.018668218	-0.030009174	1	0
0	0.01856735	-0.030450982	1	0
0	0.018466482	-0.03089279	1	0
0	0.018365614	-0.031334598	1	0
0	0.018264746	-0.031776406	1	0
0	0.018163878	-0.032218215	1	0
0	0.01806301	-0.032660023	1	0
0	0.017962142	-0.033101831	1	0
0	0.017861274	-0.033543639	1	0
0	0.017760405	-0.033985447	1	0
0	0.017659537	-0.034427255	1	0
0	0.017558669	-0.034869063	1	0
0	0.017457801	-0.035310871	1	0
0	0.017356933	-0.035752679	1	0
0	0.017256065	-0.036194487	1	0
0	0.017155197	-0.036636295	1	0
0	0.017054329	-0.037078103	1	0
0	0.016953461	-0.037519912	1	0
0	0.016852592	-0.03796172	1	0
0	0.016751724	-0.038403528	1	0
0	0.016650856	-0.038845336	1	0
0	0.016549988	-0.039287144	1	0
0	0.01644912	-0.039728952	1	0
0	0.016348252	-0.04017076	1	0
0	0.016247384	-0.040612568	1	0
0	0.016146516	-0.041054376	1	0
0	0.016045648	-0.041496184	1	0
0	0.015944779	-0.041937992	1	0
0	0.015843911	-0.0423798	1	0
0	0.015743043	-0.042821608	1	0
0	0.015642175	-0.043263417	1	0
0	0.015541307	-0.043705225	1	0
0	0.015440439	-0.044147033	1	0
0	0.015339571	-0.044588841	1	0
0	0.015238703	-0.045030649	1	0
0	0.015137835	-0.045472457	1	0
0	0.015036966	-0.045914265	1	0
0	0.014936098	-0.046356073	1	0
0	0.01483523	-0.046797881	1	0
0	0.014734362	-0.047239689	1	0
0	0.014633494	-0.047681497	1	0
0	0.014532626	-0.048123305	1	0
0	0.014431758	-0.048565114	1	0
0	0.01433089	-0.049006922	1	0
0	0.014230022	-0.04944873	1	0
0	0.014129153	-0.049890538	1	0
0	0.014028285	-0.050332346	1	0
0	0.013927417	-0.050774154	1	0
0	0.013826549	-0.051215962	1	0
0	0.013725681	-0.05165777	1	0
0	0.013624813	-0.052099578	1	0
0	0.013523945	-0.052541386	1	0
0	0.013423077	-0.052983194	1	0
0	0.013322209	-0.053425002	1	0
0	0.01322134	-0.053866811	1	0
0	0.013120472	-0.054308619	1	0
0	0.013019604	-0.054750427	1	0
0	0.012918736	-0.055192235	1	0
0	0.012817868	-0.055634043	1	0
0	0.012717	-0.056075851	1	0
0	0.012616132	-0.056517659	1	0
0	0.012515264	-0.056959467	1	0
0	0.012414396	-0.057401275	1	0
0	0.012313527	-0.057843083	1	0
0	0.012212659	-0.058284891	1	0
0	0.012111791	-0.058726699	1	0
0	0.012010923	-0.059168507	1	0
0	0.011910055	-0.059610316	1	0
0	0.011809187	-0.060052124	1	0
0	0.011708319	-0.060493932	1	0
0	0.011607451	-0.06093574	1	0
0	0.011506583	-0.061377548	1	0
0	0.011405714	-0.061819356	1	0
0	0.011304846	-0.062261164	1	0
0	0.011203978	-0.062702972	1	0
0	0.01110311	-0.06314478	1	0
0	0.011002242	-0.063586588	1	0
0	0.010901374	-0.064028396	1	0
0	0.010800506	-0.064470204	1	0
0	0.010699638	-0.064912013	1	0
0	0.010598769	-0.065353821	1	0
0	0.010497901	-0.065795629	1	0
0	0.010397033	-0.066237437	1	0
0	0.010296165	-0.066679245	1	0
0	0.010195297	-0.067121053	1	0
0	0.010094429	-0.067562861	1	0
0	0.009993561	-0.068004669	1	0
0	0.009892693	-0.068446477	1	0
0	0.009791825	-0.068888285	1	0
0	0.009690956	-0.069330093	1	0
0	0.009590088	-0.069771901	1	0
0	0.00948922	-0.07021371	1	0
0	0.009388352	-0.070655518	1	0
0	0.009287484	-0.071097326	1	0
0	0.009186616	-0.071539134	1	0
0	0.009085748	-0.071980942	1	0
0	0.00898488	-0.07242275	1	0
0	0.008884012	-0.072864558	1	0
0	0.008783143	-0.073306366	1	0
0	0.008682275	-0.073748174	1	0
0	0.008581407	-0.074189982	1	0
0	0.008480539	-0.07463179	1	0
0	0.008379671	-0.075073598	1	0
0	0.008278803	-0.075515407	1	0
0	0.008177935	-0.075957215	1	0
0	0.008077067	-0.076399023	1	0
0	0.007976199	-0.076840831	1	0
0	0.00787533	-0.077282639	1	0
0	0.007774462	-0.077724447	1	0
0	0.007673594	-0.078166255	1	0
0	0.007572726	-0.078608063	1	0
0	0.007471858	-0.079049871	1	0
0	0.00737099	-0.079491679	1	0
0	0.007270122	-0.079933487	1	0
0	0.007169254	-0.080375295	1	0
0	0.007068386	-0.080817103	1	0
0	0.006967517	-0.081258912	1	0
0	0.006866649	-0.08170072	1	0
0	0.006765781	-0.082142528	1	0
0	0.006664913	-0.082584336	1	0
0	0.006564045	-0.083026144	1	0
0	0.006463177	-0.083467952	1	0
0	0.006362309	-0.08390976	1	0
0	0.006261441	-0.084351568	1	0
0	0.006160573	-0.084793376	1	0
0	0.006059704	-0.085235184	1	0
0	0.005958836	-0.085676992	1	0
0	0.005857968	-0.0861188	1	0
0	0.0057571	-0.086560609	1	0
0	0.005656232	-0.087002417	1	0
0	0.005555364	-0.087444225	1	0
0	0.005454496	-0.087886033	1	0
0	0.005353628	-0.088327841	1	0
0	0.00525276	-0.088769649	1	0
0	0.005151891	-0.089211457	1	0
0	0.005051023	-0.089653265	1	0
0	0.004950155	-0.090095073	1	0
0	0.004849287	-0.090536881	1	0
0	0.004748419	-0.090978689	1	0
0	0.004647551	-0.091420497	1	0
0	0.004546683	-0.091862306	1	0
0	0.004445815	-0.092304114	1	0
0	0.004344947	-0.092745922	1	0
0	0.004244078	-0.09318773	1	0
0	0.00414321	-0.093629538	1	0
0	0.004042342	-0.094071346	1	0
0	0.003941474	-0.094513154	1	0
0	0.003840606	-0.094954962	1	0
0	0.003739738	-0.09539677	1	0
0	0.00363887	-0.095838578	1	0
0	0.003538002	-0.096280386	1	0
0	0.003437134	-0.096722194	1	0
0	0.003336265	-0.097164002	1	0
0	0.003235397	-0.097605811	1	0
0	0.003134529	-0.098047619	1	0
0	0.003033661	-0.098489427	1	0
0	0.002932793	-0.098931235	1	0
0	0.002831925	-0.099373043	1	0
0	0.002731057	-0.099814851	1	0
0	0.002630189	-0.100256659	1	0
0	0.002529321	-0.100698467	1	0
0	0.002428452	-0.101140275	1	0
0	0.002327584	-0.101582083	1	0
0	0.002226716	-0.102023891	1	0
0	0.002125848	-0.102465699	1	0
0	0.00202498	-0.102907508	1	0
0	0.001924112	-0.103349316	1	0
0	0.001823244	-0.103791124	1	0
0	0.001722376	-0.104232932	1	0
0	0.001621508	-0.10467474	1	0
0	0.001520639	-0.105116548	1	0
0	0.001419771	-0.105558356	1	0
0	0.001318903	-0.106000164	1	0
0	0.001218035	-0.106441972	1	0
0	0.001117167	-0.10688378	1	0
0	0.001016299	-0.107325588	1	0
0	0.000915431	-0.107767396	1	0
0	0.000814563	-0.108209205	1	0
0	0.000713695	-0.108651013	1	0
0	0.000612826	-0.109092821	1	0
0	0.000511958	-0.109534629	1	0
0	0.00041109	-0.109976437	1	0
0	0.000310222	-0.110418245	1	0
0	0.000209354	-0.110860053	1	0
0	0.000108486	-0.111301861	1	0
0	7.6178E-06	-0.111743669	1	0
0	-9.32503E-05	-0.112185477	1	0
0	-0.000194118	-0.112627285	1	0
0	-0.000294987	-0.113069093	1	0
0	-0.000395855	-0.113510901	1	0
0	-0.000496723	-0.11395271	1	0
0	-0.000597591	-0.114394518	1	0
0	-0.000698459	-0.114836326	1	0
0	-0.000799327	-0.115278134	1	0
0	-0.000900195	-0.115719942	1	0
0	-0.001001063	-0.11616175	1	0
0	-0.001101931	-0.116603558	1	0
0	-0.0012028	-0.117045366	1	0
0	-0.001303668	-0.117487174	1	0
0	-0.001404536	-0.117928982	1	0
0	-0.001505404	-0.11837079	1	0
0	-0.001606272	-0.118812598	1	0
0	-0.00170714	-0.119254407	1	0
0	-0.001808008	-0.119696215	1	0
0	-0.001908876	-0.120138023	1	0
0	-0.002009744	-0.120579831	1	0
0	-0.002110613	-0.121021639	1	0
0	-0.002211481	-0.121463447	1	0
0	-0.002312349	-0.121905255	1	0
0	-0.002413217	-0.122347063	1	0
0	-0.002514085	-0.122788871	1	0
0	-0.002614953	-0.123230679	1	0
0	-0.002715821	-0.123672487	1	0
0	-0.002816689	-0.124114295	1	0
0	-0.002917557	-0.124556104	1	0
0	-0.003018426	-0.124997912	1	0
0	-0.003119294	-0.12543972	1	0
0	-0.003220162	-0.125881528	1	0
0	-0.00332103	-0.126323336	1	0
0	-0.003421898	-0.126765144	1	0
0	-0.003522766	-0.127206952	1	0
0	-0.003623634	-0.12764876	1	0
0	-0.003724502	-0.128090568	1	0
0	-0.00382537	-0.128532376	1	0
0	-0.003926239	-0.128974184	1	0
0	-0.004027107	-0.129415992	1	0
0	-0.004127975	-0.129857801	1	0
0	-0.004228843	-0.130299609	1	0
0	-0.004329711	-0.130741417	1	0
0	-0.004430579	-0.131183225	1	0
0	-0.004531447	-0.131625033	1	0
0	-0.004632315	-0.132066841	1	0
0	-0.004733183	-0.132508649	1	0
0	-0.004834052	-0.132950457	1	0
0	-0.00493492	-0.133392265	1	0
0	-0.005035788	-0.133834073	1	0
0	-0.005136656	-0.134275881	1	0
0	-0.005237524	-0.134717689	1	0
0	-0.005338392	-0.135159497	1	0
0	-0.00543926	-0.135601306	1	0
0	-0.005540128	-0.136043114	1	0
0	-0.005640996	-0.136484922	1	0
0	-0.005741865	-0.13692673	1	0
0	-0.005842733	-0.137368538	1	0
0	-0.005943601	-0.137810346	1	0
0	-0.006044469	-0.138252154	1	0
0	-0.006145337	-0.138693962	1	0
0	-0.006246205	-0.13913577	1	0
0	-0.006347073	-0.139577578	1	0
0	-0.006447941	-0.140019386	1	0
0	-0.006548809	-0.140461194	1	0
0	-0.006649678	-0.140903003	1	0
0	-0.006750546	-0.141344811	1	0
0	-0.006851414	-0.141786619	1	0
0	-0.006952282	-0.142228427	1	0
0	-0.00705315	-0.142670235	1	0
0	-0.007154018	-0.143112043	1	0
0	-0.007254886	-0.143553851	1	0
0	-0.007355754	-0.143995659	1	0
0	-0.007456622	-0.144437467	1	0
0	-0.007557491	-0.144879275	1	0
0	-0.007658359	-0.145321083	1	0
0	-0.007759227	-0.145762891	1	0
0	-0.007860095	-0.1462047	1	0
0	-0.007960963	-0.146646508	1	0
0	-0.008061831	-0.147088316	1	0
0	-0.008162699	-0.147530124	1	0
0	-0.008263567	-0.147971932	1	0
0	-0.008364435	-0.14841374	1	0
0	-0.008465304	-0.148855548	1	0
0	-0.008566172	-0.149297356	1	0
0	-0.00866704	-0.149739164	1	0
0	-0.008767908	-0.150180972	1	0
0	-0.008868776	-0.15062278	1	0
0	-0.008969644	-0.151064588	1	0
0	-0.009070512	-0.151506396	1	0
0	-0.00917138	-0.151948205	1	0
0	-0.009272248	-0.152390013	1	0
0	-0.009373117	-0.152831821	1	0
0	-0.009473985	-0.153273629	1	0
0	-0.009574853	-0.153715437	1	0
0	-0.009675721	-0.154157245	1	0
0	-0.009776589	-0.154599053	1	0
0	-0.009877457	-0.155040861	1	0
0	-0.009978325	-0.155482669	1	0
0	-0.010079193	-0.155924477	1	0
0	-0.010180061	-0.156366285	1	0
0	-0.01028093	-0.156808093	1	0
0	-0.010381798	-0.157249902	1	0
0	-0.010482666	-0.15769171	1	0
0	-0.010583534	-0.158133518	1	0
0	-0.010684402	-0.158575326	1	0
0	-0.01078527	-0.159017134	1	0
0	-0.010886138	-0.159458942	1	0
0	-0.010987006	-0.15990075	1	0
0	-0.011087874	-0.160342558	1	0
0	-0.011188743	-0.160784366	1	0
0	-0.011289611	-0.161226174	1	0
0	-0.011390479	-0.161667982	1	0
0	-0.011491347	-0.16210979	1	0
0	-0.011592215	-0.162551599	1	0
0	-0.011693083	-0.162993407	1	0
0	-0.011793951	-0.163435215	1	0
0	-0.011894819	-0.163877023	1	0
0	-0.011995687	-0.164318831	1	0
0	-0.012096556	-0.164760639	1	0
0	-0.012197424	-0.165202447	1	0
0	-0.012298292	-0.165644255	1	0
0	-0.01239916	-0.166086063	1	0
0	-0.012500028	-0.166527871	1	0
0	-0.012600896	-0.166969679	1	0
0	-0.012701764	-0.167411487	1	0
0	-0.012802632	-0.167853296	1	0
0	-0.0129035	-0.168295104	1	0
0	-0.013004369	-0.168736912	1	0
0	-0.013105237	-0.16917872	1	0
0	-0.013206105	-0.169620528	1	0
0	-0.013306973	-0.170062336	1	0
0	-0.013407841	-0.170504144	1	0
0	-0.013508709	-0.170945952	1	0
0	-0.013609577	-0.17138776	1	0
0	-0.013710445	-0.171829568	1	0
0	-0.013811313	-0.172271376	1	0
0	-0.013912182	-0.172713184	1	0
0	-0.01401305	-0.173154992	1	0
0	-0.014113918	-0.173596801	1	0
0	-0.014214786	-0.174038609	1	0
0	-0.014315654	-0.174480417	1	0
0	-0.014416522	-0.174922225	1	0
0	-0.01451739	-0.175364033	1	0
0	-0.014618258	-0.175805841	1	0
0	-0.014719126	-0.176247649	1	0
0	-0.014819995	-0.176689457	1	0
0	-0.014920863	-0.177131265	1	0
0	-0.015021731	-0.177573073	1	0
0	-0.015122599	-0.178014881	1	0
0	-0.015223467	-0.178456689	1	0
0	-0.015324335	-0.178898498	1	0
0	-0.015425203	-0.179340306	1	0
0	-0.015526071	-0.179782114	1	0
0	-0.015626939	-0.180223922	1	0
0	-0.015727808	-0.18066573	1	0
0	-0.015828676	-0.181107538	1	0
0	-0.015929544	-0.181549346	1	0
0	-0.016030412	-0.181991154	1	0
0	-0.01613128	-0.182432962	1	0
0	-0.016232148	-0.18287477	1	0
0	-0.016333016	-0.183316578	1	0
0	-0.016433884	-0.183758386	1	0
0	-0.016534752	-0.184200195	1	0
0	-0.016635621	-0.184642003	1	0
0	-0.016736489	-0.185083811	1	0
0	-0.016837357	-0.185525619	1	0
0	-0.016938225	-0.185967427	1	0
0	-0.017039093	-0.186409235	1	0
0	-0.017139961	-0.186851043	1	0
0	-0.017240829	-0.187292851	1	0
0	-0.017341697	-0.187734659	1	0
0	-0.017442565	-0.188176467	1	0
0	-0.017543434	-0.188618275	1	0
0	-0.017644302	-0.189060083	1	0
0	-0.01774517	-0.189501891	1	0
0	-0.017846038	-0.1899437	1	0
0	-0.017946906	-0.190385508	1	0
0	-0.018047774	-0.190827316	1	0
0	-0.018148642	-0.191269124	1	0
0	-0.01824951	-0.191710932	1	0
0	-0.018350378	-0.19215274	1	0
0	-0.018451247	-0.192594548	1	0
0	-0.018552115	-0.193036356	1	0
0	-0.018652983	-0.193478164	1	0
0	-0.018753851	-0.193919972	1	0
0	-0.018854719	-0.19436178	1	0
0	-0.018955587	-0.194803588	1	0
0	-0.019056455	-0.195245397	1	0
0	-0.019157323	-0.195687205	1	0
0	-0.019258191	-0.196129013	1	0
0	-0.01935906	-0.196570821	1	0
0	-0.019459928	-0.197012629	1	0
0	-0.019560796	-0.197454437	1	0
0	-0.019661664	-0.197896245	1	0
0	-0.019762532	-0.198338053	1	0
0	-0.0198634	-0.198779861	1	0
0	-0.019964268	-0.199221669	1	0
0	-0.020065136	-0.199663477	1	0
0	-0.020166004	-0.200105285	1	0
0	-0.020266873	-0.200547094	1	0
0	-0.020367741	-0.200988902	1	0
0	-0.020468609	-0.20143071	1	0
0	-0.020569477	-0.201872518	1	0
0	-0.020670345	-0.202314326	1	0
0	-0.020771213	-0.202756134	1	0
0	-0.020872081	-0.203197942	1	0
0	-0.020972949	-0.20363975	1	0
0	-0.021073817	-0.204081558	1	0
0	-0.021174686	-0.204523366	1	0
0	-0.021275554	-0.204965174	1	0
0	-0.021376422	-0.205406982	1	0
0	-0.02147729	-0.20584879	1	0
0	-0.021578158	-0.206290599	1	0
0	-0.021679026	-0.206732407	1	0
0	-0.021779894	-0.207174215	1	0
0	-0.021880762	-0.207616023	1	0
0	-0.02198163	-0.208057831	1	0
0	-0.022082499	-0.208499639	1	0
0	-0.022183367	-0.208941447	1	0
0	-0.022284235	-0.209383255	1	0
0	-0.022385103	-0.209825063	1	0
0	-0.022485971	-0.210266871	1	0
0	-0.022586839	-0.210708679	1	0
0	-0.022687707	-0.211150487	1	0
0	-0.022788575	-0.211592296	1	0
0	-0.022889443	-0.212034104	1	0
0	-0.022990312	-0.212475912	1	0
0	-0.02309118	-0.21291772	1	0
0	-0.023192048	-0.213359528	1	0
0	-0.023292916	-0.213801336	1	0
